1	1	1
2	1	2
3	1	3
4	1	4
5	1	5
6	1	6
7	1	7
8	1	8
9	1	9
10	1	10
11	1	11
12	1	12
13	1	13
14	2	14
15	2	15
16	2	16
17	2	17
18	2	18
19	2	19
20	2	20
21	2	21
22	2	22
23	3	23
24	3	24
25	3	25
26	3	26
27	3	27
28	3	28
29	3	29
30	3	30
31	3	31
32	3	32
33	3	33
34	3	34
35	3	35
36	3	36
37	3	37
38	3	38
39	3	39
40	3	40
41	3	41
42	4	42
43	4	43
44	4	44
45	4	45
46	4	46
47	4	47
48	6	48
49	6	49
50	6	50
51	6	51
52	6	52
53	84	53
54	7	54
55	7	55
56	7	56
57	7	57
58	7	58
59	7	59
60	87	1732
61	7	61
62	7	62
63	7	63
64	7	64
65	7	65
66	7	66
67	7	67
68	7	68
69	7	69
70	7	70
71	8	71
72	8	72
73	8	73
74	8	74
75	8	75
76	8	76
77	8	77
78	8	78
79	8	79
80	8	80
81	8	81
82	9	82
83	9	83
84	9	84
85	9	85
86	9	86
87	9	87
88	9	88
89	9	89
90	9	90
91	9	91
92	9	92
93	9	93
94	9	94
95	9	95
96	9	96
97	9	97
98	9	98
99	9	99
100	10	100
101	10	101
102	10	102
103	10	103
104	10	104
105	10	105
106	84	106
107	10	107
108	10	108
109	10	109
110	10	110
111	10	111
112	82	112
113	10	113
114	10	114
115	10	115
116	10	116
117	10	117
118	11	118
119	11	119
120	11	120
121	11	121
122	11	122
123	12	123
124	12	124
125	12	125
126	12	126
127	12	127
128	12	128
129	12	129
130	12	130
131	12	131
132	13	132
133	13	133
134	13	134
135	13	135
136	13	136
137	13	137
138	13	138
139	13	139
140	14	140
141	14	141
142	14	142
143	14	143
144	14	144
145	14	145
146	14	146
147	14	147
148	14	148
149	14	149
150	15	150
151	15	151
152	15	152
153	15	153
154	15	154
155	15	155
156	15	156
157	15	157
158	15	158
159	15	159
160	15	160
161	15	161
162	15	162
163	15	163
164	15	164
165	15	165
166	15	166
167	7	167
170	1	168
169	15	169
171	15	170
184	1	181
173	16	180
174	16	179
175	16	178
176	16	177
183	16	171
178	16	172
179	16	173
180	16	174
181	16	175
182	16	176
185	1	182
186	1	183
187	9	184
188	9	185
189	9	186
190	1	187
191	17	204
192	17	192
193	17	193
194	17	194
195	17	195
196	17	196
197	17	197
198	17	203
199	17	202
200	17	201
201	17	200
202	17	199
203	17	198
204	17	189
205	17	190
206	17	191
207	17	205
208	84	206
209	18	209
210	18	208
211	18	207
219	20	216
213	20	209
214	20	210
215	20	211
216	20	212
217	20	213
218	20	214
220	19	215
221	19	217
222	19	218
223	19	219
224	19	220
225	19	221
226	18	222
227	18	224
228	18	223
229	15	225
230	6	226
231	6	227
232	8	228
233	8	229
234	21	230
235	21	231
236	21	232
237	21	233
238	21	234
239	21	235
240	21	236
241	21	238
242	21	239
243	21	240
244	21	237
245	2	244
246	2	243
247	2	242
248	2	241
249	16	245
250	22	252
251	22	246
252	22	247
253	22	248
254	22	249
255	22	250
256	22	251
258	23	253
259	87	1733
260	23	255
261	23	256
262	23	257
263	23	258
264	23	259
265	23	260
266	23	261
267	23	262
268	23	263
269	23	264
270	23	265
271	23	266
272	22	268
275	22	269
274	22	267
276	22	271
277	22	270
278	23	272
279	15	273
280	23	274
281	23	275
282	23	276
283	1	277
284	24	278
285	24	279
286	24	280
287	24	281
288	24	286
289	24	287
290	24	288
291	24	282
292	24	283
293	24	284
294	24	285
295	24	289
296	24	290
297	8	291
298	8	292
299	24	293
300	24	294
301	24	295
302	24	296
303	1	297
304	25	302
305	25	301
306	25	300
307	25	299
308	25	298
309	25	303
310	25	304
311	4	305
312	6	306
313	6	307
314	6	308
317	2	310
316	6	309
318	2	311
319	2	312
320	2	313
321	2	314
322	26	315
323	26	316
324	27	318
325	27	317
326	1	321
327	1	319
328	1	320
329	15	322
330	9	323
331	9	324
343	1	339
333	9	326
334	9	327
335	9	325
336	7	328
337	22	329
338	22	330
339	22	331
340	27	332
341	28	333
342	27	334
344	9	338
345	9	337
346	9	336
347	9	335
348	7	340
349	22	341
350	9	342
351	8	343
352	8	344
353	26	345
354	8	346
355	16	348
356	16	347
357	87	1734
358	29	350
359	29	351
360	29	352
361	29	353
362	29	354
363	29	355
364	29	356
365	29	357
366	29	358
367	29	360
368	29	359
369	8	361
370	9	362
371	9	363
372	9	364
373	9	365
374	9	366
375	8	369
376	8	368
377	8	367
378	9	370
379	9	371
380	30	372
381	30	373
382	30	374
383	30	375
384	30	378
385	30	377
386	30	376
387	1	379
388	11	380
389	11	383
390	11	382
391	11	381
392	8	384
393	31	402
394	31	401
395	31	400
396	31	399
397	31	398
398	31	397
399	31	396
400	31	395
401	31	394
402	31	393
403	31	392
404	31	391
405	31	390
406	31	389
407	31	388
408	31	387
409	31	386
410	31	385
411	1	403
412	3	404
413	86	405
414	7	406
415	7	407
416	7	408
417	7	409
418	7	410
419	7	411
420	7	412
421	7	413
422	2	415
423	13	414
424	32	416
425	32	417
426	32	418
427	32	419
428	32	420
429	32	421
430	32	422
431	32	423
432	32	424
433	32	425
434	29	427
435	88	426
436	33	428
437	2	429
438	1	432
439	1	431
440	1	430
441	1	433
442	1	434
443	7	435
463	23	453
462	23	452
461	23	451
460	23	450
459	23	449
458	23	448
457	7	446
456	7	447
455	7	444
454	7	445
464	23	454
465	23	455
466	23	456
467	23	457
468	23	458
469	23	459
470	29	462
471	29	461
472	29	460
473	15	463
474	26	464
475	26	465
476	26	466
477	26	467
478	26	468
479	26	469
480	26	470
481	26	471
482	26	472
483	1	473
484	34	478
485	34	477
486	34	476
487	34	475
488	34	474
489	2	479
490	35	483
491	35	482
492	35	481
493	35	480
494	35	484
495	3	485
496	3	486
497	3	487
498	3	488
499	3	489
500	3	490
501	3	491
502	13	492
503	87	1735
504	29	494
505	29	495
506	88	496
507	81	1038
508	29	498
509	29	499
510	82	815
511	1	501
512	1	502
513	1	503
514	1	504
515	1	505
516	1	506
517	1	507
518	7	509
519	7	508
520	7	510
521	8	511
522	8	512
653	10	717
524	8	515
525	8	514
526	8	516
527	8	517
528	10	520
529	10	519
530	10	518
531	8	521
532	10	522
657	22	721
656	22	720
535	13	526
536	13	527
537	13	528
538	13	529
539	23	531
540	23	530
541	36	532
542	36	533
543	36	534
544	36	535
545	36	536
546	36	537
547	36	538
548	36	539
549	36	540
550	36	541
551	36	542
552	36	543
553	36	544
554	37	618
555	37	619
556	37	620
557	37	621
558	37	622
559	37	623
560	37	624
561	37	625
562	37	626
563	37	627
564	37	628
565	37	629
566	37	630
567	37	631
568	37	632
569	37	633
570	37	634
571	37	635
572	37	636
573	37	637
574	37	638
575	37	639
576	37	640
577	37	641
578	37	642
579	37	643
580	37	644
581	37	645
582	37	646
583	37	647
584	37	648
585	37	649
586	37	650
587	37	651
588	37	652
589	37	653
590	37	654
591	37	655
592	37	656
593	37	657
594	37	658
595	37	659
596	37	660
597	37	661
598	37	662
599	37	663
600	37	664
601	37	665
602	37	666
603	37	667
629	13	692
605	37	668
606	37	669
607	37	670
608	37	671
609	37	672
610	37	673
611	37	674
612	37	675
613	37	676
614	37	677
615	37	678
616	37	679
617	37	680
618	37	681
619	37	682
620	37	683
621	37	684
622	37	685
623	37	686
624	37	687
625	37	688
626	37	689
627	37	690
628	37	691
630	1	695
631	1	696
632	1	697
633	1	698
655	22	719
654	1	718
636	13	702
637	13	701
638	8	703
639	38	704
640	38	705
641	38	706
642	38	707
643	38	708
644	38	709
645	38	710
646	38	711
647	38	712
648	38	713
649	13	714
650	13	715
651	13	716
658	2	722
659	1	723
660	1	724
661	81	733
662	21	732
663	21	731
664	21	730
665	21	729
666	21	728
667	21	727
668	21	726
669	21	725
670	8	734
671	39	741
672	39	735
673	39	736
674	39	737
675	39	738
676	39	739
677	39	740
686	41	751
679	40	742
680	40	743
681	40	744
682	40	745
683	40	746
684	40	747
685	40	748
687	41	750
688	41	749
689	15	752
690	15	753
691	15	754
692	15	755
693	8	757
694	8	758
695	8	759
696	8	760
697	8	761
698	8	762
699	8	756
700	13	763
701	42	765
702	42	764
703	8	767
704	8	766
705	36	768
706	36	769
707	36	770
708	36	771
709	36	772
710	36	773
711	81	774
712	42	775
713	42	776
714	42	777
715	42	778
716	1	779
717	21	780
718	8	781
719	8	782
720	26	783
721	26	784
722	17	785
723	8	786
724	1	787
725	12	789
726	12	790
727	12	791
728	12	792
729	12	793
730	12	794
731	12	795
732	12	796
733	12	797
734	12	798
735	12	799
736	1	801
737	1	800
738	2	804
739	2	802
740	2	803
741	1	807
742	1	806
743	1	805
744	11	808
745	17	814
746	17	813
747	17	812
748	17	811
749	17	810
750	17	809
751	7	816
752	81	60
753	7	817
754	81	818
755	7	819
756	7	820
757	7	821
758	7	822
759	7	823
760	7	824
761	7	825
762	1	826
763	1	827
764	1	828
765	1	829
766	88	830
767	29	831
768	29	832
769	29	833
770	29	834
771	1	835
772	1	836
773	1	837
774	1	838
775	1	839
776	1	840
777	1	841
778	1	842
779	1	843
780	1	844
781	8	845
782	8	846
783	8	847
784	8	848
785	8	849
786	1	850
787	1	851
788	1	852
789	1	853
790	3	855
791	3	854
792	3	856
793	3	857
794	3	858
795	3	859
796	3	860
797	3	861
798	3	862
799	3	863
800	23	900
801	23	901
802	23	902
803	23	903
804	23	904
805	23	905
806	23	906
807	23	907
808	23	908
809	23	909
810	23	910
811	23	911
812	23	912
813	23	913
814	23	914
815	23	915
816	23	916
817	23	917
818	23	918
819	1	921
820	43	934
821	43	933
822	43	932
823	43	931
824	43	930
825	43	929
826	43	928
827	43	927
828	43	926
829	43	925
830	43	924
831	43	923
832	43	922
833	12	944
834	12	943
835	12	942
836	12	941
837	12	940
838	12	939
839	12	938
840	12	937
841	12	936
842	12	935
843	7	948
844	7	947
845	7	946
846	84	945
847	1	949
848	1	950
849	1	951
850	1	952
851	1	953
852	1	954
853	1	955
854	1	956
855	1	957
856	44	958
857	3	959
858	11	960
859	11	961
860	11	962
861	11	963
862	13	964
863	13	965
864	13	966
865	13	967
866	13	968
867	1	969
868	1	970
869	1	971
870	1	972
871	1	973
872	1	976
873	1	977
874	1	978
875	1	979
876	1	980
877	1	981
880	11	974
881	11	975
882	23	986
883	23	987
884	45	988
885	45	989
886	45	990
887	45	991
888	45	992
889	45	993
890	1	995
891	1	994
892	45	996
893	46	997
894	46	998
895	46	999
896	46	1000
897	46	1001
898	46	1002
899	46	1003
900	46	1004
901	46	1005
902	46	1006
903	46	1007
904	46	1008
905	46	1009
906	46	1010
907	46	1011
908	46	1012
909	46	1013
910	46	1014
911	46	1015
912	46	1016
913	47	1017
914	47	1018
915	47	1019
916	47	1020
917	47	1021
918	47	1022
919	47	1023
920	47	1024
921	47	1025
922	47	1026
923	46	1028
924	46	1027
925	46	1029
926	13	1055
927	7	1030
928	7	1031
929	7	1032
930	7	1033
931	66	1034
932	7	1035
933	7	1036
934	7	1037
935	88	349
936	7	1039
937	7	1040
938	7	1041
939	7	1042
940	7	1043
941	7	1044
942	7	1045
943	7	1046
944	7	1047
945	7	1048
946	7	1049
947	7	1050
948	7	1051
949	7	1052
950	7	1053
951	7	1054
952	12	1056
953	12	1057
954	12	1058
955	12	1059
956	12	1060
957	12	1061
958	12	1062
959	12	1063
960	12	1064
961	12	1065
962	51	1117
963	51	1118
964	51	1119
965	51	1120
966	51	1121
967	51	1122
968	51	1123
969	51	1124
970	51	1125
971	51	1126
972	51	1127
973	51	1128
974	51	1129
975	51	1130
976	51	1131
977	51	1132
978	51	1133
979	51	1134
980	51	1135
981	51	1136
982	51	1137
983	51	1138
984	51	1139
985	51	1140
986	51	1141
987	51	1142
988	51	1143
989	51	1144
990	51	1146
991	51	1147
992	51	1151
993	51	1152
1092	55	1220
995	51	1155
996	51	1156
997	51	1172
998	51	1179
999	51	1180
1000	51	1181
1001	51	1182
1002	51	1195
1003	54	1103
1004	54	1104
1005	54	1105
1006	54	1110
1007	54	1111
1008	54	1112
1009	54	1113
1010	54	1114
1011	54	1148
1012	54	1188
1244	61	1424
1243	61	1423
1242	13	1357
1016	52	1175
1017	52	1176
1018	52	1177
1019	48	1071
1020	48	1073
1021	48	1074
1022	48	1075
1023	48	1076
1024	48	1077
1025	48	1078
1026	48	1079
1027	48	1080
1028	48	1081
1029	48	1082
1030	48	1083
1031	48	1084
1032	48	1085
1033	48	1086
1034	48	1087
1035	48	1089
1036	48	1090
1037	48	1095
1038	48	1096
1039	48	1097
1040	48	1115
1041	48	1116
1042	49	1106
1043	49	1107
1044	49	1108
1045	49	1109
1046	49	1157
1047	49	1158
1048	49	1159
1049	49	1160
1050	49	1161
1051	49	1162
1052	49	1163
1053	49	1164
1054	49	1165
1055	49	1167
1056	49	1168
1057	49	1169
1058	49	1170
1059	49	1171
1060	49	1178
1061	49	1183
1062	49	1184
1063	49	1185
1064	49	1186
1065	50	1066
1066	50	1067
1067	50	1068
1068	50	1069
1069	50	1070
1070	50	1071
1071	50	1072
1072	50	1091
1073	50	1092
1074	50	1093
1075	50	1094
1076	13	1098
1077	13	1099
1078	13	1100
1079	13	1101
1080	13	1102
1081	67	1154
1082	50	1166
1083	50	1173
1084	50	1174
1085	50	1187
1086	53	1189
1087	53	1190
1088	53	1191
1089	53	1192
1090	53	1193
1091	53	1194
1093	55	1221
1094	55	1222
1095	55	1223
1096	55	1224
1097	55	1225
1098	55	1226
1099	55	1227
1100	55	1228
1101	55	1241
1102	55	1242
1103	55	1243
1104	55	1244
1105	55	1245
1106	55	1246
1107	55	1247
1108	85	1196
1156	56	1219
1155	56	1218
1154	56	1217
1153	56	1216
1152	56	1215
1151	56	1214
1150	56	1213
1149	56	1212
1148	56	1211
1147	56	1210
1146	56	1209
1145	56	1208
1144	56	1207
1143	85	1206
1142	56	1205
1141	56	1204
1140	56	1203
1139	56	1202
1138	56	1201
1137	56	1200
1136	85	1199
1135	56	1198
1134	56	1197
1163	86	1235
1157	86	1229
1158	42	1230
1159	42	1231
1160	42	1232
1161	42	1233
1162	42	1234
1164	7	1236
1165	7	1237
1166	7	1238
1167	7	1239
1168	7	1240
1169	55	1249
1170	55	1250
1171	55	1248
1172	51	1255
1173	48	1254
1174	48	1253
1175	48	1252
1176	48	1251
1177	49	1256
1178	49	1257
1179	50	1261
1180	50	1260
1181	50	1259
1182	65	1258
1183	50	1268
1184	50	1267
1185	50	1266
1186	50	1265
1187	49	1288
1188	49	1287
1189	49	1286
1190	49	1285
1191	49	1284
1192	49	1283
1193	49	1282
1194	49	1281
1195	49	1280
1196	49	1279
1197	57	1278
1198	57	1276
1199	57	1269
1200	57	1270
1201	57	1271
1202	57	1272
1203	57	1273
1204	57	1274
1205	57	1275
1206	57	1278
1207	58	1324
1208	58	1315
1209	58	1316
1210	58	1317
1211	58	1332
1212	58	1319
1213	58	1320
1214	58	1321
1215	58	1322
1216	58	1323
1217	58	1325
1218	58	1326
1219	58	1318
1220	58	1328
1221	58	1329
1222	58	1330
1223	58	1331
1224	58	1327
1225	58	1333
1226	58	1334
1227	58	1335
1228	58	1336
1229	58	1337
1230	58	1338
1231	58	1339
1232	58	1340
1233	57	1277
1234	59	1351
1235	59	1352
1236	59	1353
1237	59	1354
1238	59	1355
1239	59	1356
1240	59	1349
1241	59	1350
1245	61	1426
1246	61	1427
1247	61	1427
1248	61	1428
1249	61	1429
1250	61	1430
1251	61	1431
1252	61	1432
1253	61	1433
1254	61	1434
1255	61	1435
1256	61	1436
1257	61	1425
1258	61	1438
1259	61	1439
1260	61	1440
1261	61	1441
1262	61	1442
1263	62	1452
1264	62	1444
1265	62	1445
1266	62	1446
1267	62	1447
1268	62	1448
1269	62	1449
1270	62	1450
1271	62	1451
1272	62	1443
1273	62	1453
1274	62	1454
1275	62	1455
1276	62	1456
1277	62	1457
1278	62	1458
1279	62	1459
1280	62	1460
1281	62	1461
1282	62	1462
1283	63	1463
1284	63	1464
1285	63	1465
1286	63	1466
1287	63	1473
1288	63	1468
1289	63	1469
1335	65	1519
1334	65	1506
1369	65	1541
1293	63	1467
1294	64	1474
1295	64	1475
1296	64	1476
1297	64	1477
1298	64	1478
1299	64	1479
1300	64	1480
1301	64	1481
1302	64	1482
1303	64	1483
1304	64	1484
1305	64	1499
1306	64	1486
1307	64	1487
1308	64	1493
1309	64	1489
1310	64	1488
1311	64	1491
1312	64	1492
1313	64	1490
1314	64	1494
1315	64	1495
1316	64	1496
1317	64	1497
1318	64	1498
1319	64	1485
1320	64	1500
1321	64	1501
1322	64	1502
1323	61	1437
1324	63	1470
1325	63	1472
1326	59	1145
1327	59	1149
1328	59	1150
1329	63	1471
1330	8	1503
1331	51	1505
1332	51	1504
1336	65	1508
1337	65	1509
1338	65	1510
1339	65	1511
1340	65	1512
1341	65	1513
1342	65	1514
1343	65	1515
1344	65	1516
1345	65	1517
1346	65	1518
1347	65	1526
1348	65	1521
1349	65	1520
1350	65	1531
1351	65	1523
1352	65	1524
1353	65	1525
1354	65	1522
1355	65	1527
1356	65	1528
1357	65	1529
1358	65	1530
1359	65	1507
1360	65	1532
1361	66	1533
1362	66	1534
1363	66	1535
1364	66	1536
1365	66	1537
1366	66	1538
1367	66	1539
1368	66	1540
1370	65	1542
1371	65	1543
1372	65	1544
1373	67	1553
1374	67	1552
1375	67	1551
1376	67	1550
1377	50	1549
1378	49	1548
1379	49	1547
1380	51	1546
1381	52	1545
1382	51	1558
1383	54	1557
1384	54	1556
1385	54	1555
1386	54	1554
1387	50	1563
1388	50	1562
1389	50	1561
1390	50	1560
1391	50	1559
1392	49	1564
1393	72	1586
1394	72	1585
1395	72	1584
1396	72	1583
1397	72	1582
1398	72	1581
1399	72	1580
1400	72	1579
1401	72	1578
1402	72	1577
1403	72	1576
1404	72	1575
1405	72	1574
1406	72	1573
1407	72	1572
1408	72	1571
1409	72	1570
1410	72	1569
1411	72	1568
1412	72	1567
1413	72	1566
1414	72	1565
1415	57	1591
1416	57	1590
1417	57	1589
1418	57	1588
1419	57	1587
1420	67	1596
1421	67	1595
1422	67	1594
1423	67	1593
1424	67	1592
1425	84	1598
1426	7	1597
1443	6	1614
1442	6	1613
1429	65	1601
1441	9	1611
1439	29	1610
1440	9	1612
1433	65	1605
1434	65	1606
1435	65	1607
1436	65	1608
1437	65	1609
1444	6	1615
1445	6	1616
1446	6	1617
1447	6	1618
1448	6	1619
1449	6	1620
1450	6	1621
1451	6	1622
1452	6	1623
1453	6	1624
1454	6	1625
1455	6	1626
1456	6	1627
1457	51	1636
1458	51	1635
1459	51	1633
1460	51	1630
1461	51	1632
1462	51	1631
1463	51	1628
1464	51	1629
1465	10	1637
1466	81	1658
1467	3	1659
1468	3	1660
1469	3	1661
1470	3	1662
1471	3	1663
1472	3	1664
1473	3	1665
1474	3	1666
1475	3	1667
1476	3	1668
1477	3	1669
1478	3	1670
1479	3	1671
1480	3	1672
1507	7	1676
1506	7	1675
1544	3	1714
1543	1	1712
1503	56	1674
1502	29	1673
1487	4	1645
1488	4	1646
1489	4	1647
1490	4	1648
1491	4	1649
1492	4	1650
1493	4	1651
1494	29	1638
1495	29	1639
1496	29	1640
1497	29	1641
1498	29	1642
1501	29	1643
1500	29	1644
1508	86	1677
1509	7	1678
1510	7	1679
1511	7	1680
1512	7	1681
1513	7	1682
1514	7	1683
1515	7	1684
1516	7	1685
1517	73	1686
1518	73	1687
1519	73	1688
1520	73	1689
1521	73	1690
1522	73	1691
1523	73	1692
1524	73	1693
1525	73	1694
1526	73	1695
1527	73	1696
1528	73	1697
1529	73	1698
1530	73	1699
1531	73	1700
1532	73	1701
1533	73	1702
1534	73	1703
1535	85	1704
1536	56	1705
1537	56	1706
1538	56	1707
1539	56	1708
1540	56	1709
1541	56	1710
1542	56	1711
1545	3	1713
1559	51	1725
1558	56	1726
1548	43	1715
1549	43	1716
1550	43	1717
1551	43	1718
1552	43	1719
1553	43	1720
1554	43	1721
1555	43	1722
1556	43	1723
1557	43	1724
1560	81	1727
1561	1	1728
1562	7	1729
1563	36	1730
1564	29	1731
1565	88	497
1566	74	493
1567	81	500
1568	74	254
1569	74	1736
1570	74	1737
1571	74	1738
1572	74	1739
1573	74	1740
1574	74	1741
1575	74	1742
1576	74	1743
1577	74	1744
1578	74	1745
1579	74	1746
1580	74	1747
1581	74	1748
1582	74	1749
1583	74	1750
1584	73	1751
1585	73	1752
1586	73	1753
1587	73	1754
1588	73	1755
1589	6	1756
1590	3	1757
1591	3	1758
1592	3	1759
1593	3	1760
1594	3	1761
1595	3	1762
1596	75	1830
1597	75	1831
1598	75	1832
1599	75	1833
1600	75	1834
1601	75	1835
1602	75	1836
1603	75	1840
1604	75	1841
1605	76	1764
1606	76	1765
1607	76	1766
1608	76	1767
1609	76	1768
1610	76	1769
1611	76	1770
1612	76	1771
1613	76	1772
1614	76	1773
1615	76	1774
1616	76	1775
1617	76	1776
1618	76	1777
1619	76	1782
1620	76	1783
1621	76	1784
1622	76	1785
1623	76	1786
1624	76	1787
1625	76	1788
1626	76	1789
1627	76	1817
1628	76	1818
1629	76	1838
1630	77	1778
1631	77	1779
1632	77	1780
1633	77	1790
1634	77	1791
1635	77	1792
1636	77	1793
1637	77	1794
1638	77	1795
1639	77	1796
1741	65	1911
1641	78	1797
1642	78	1798
1643	78	1799
1644	78	1800
1645	78	1801
1646	78	1802
1647	78	1803
1648	78	1804
1649	78	1805
1650	78	1806
1651	78	1807
1652	78	1808
1653	78	1809
1654	78	1810
1655	78	1811
1656	78	1812
1657	78	1813
1658	78	1814
1659	78	1815
1660	78	1816
1661	78	1819
1662	78	1820
1663	78	1821
1664	78	1822
1665	78	1823
1666	78	1824
1667	78	1825
1668	78	1826
1669	78	1827
1670	78	1828
1671	78	1839
1672	75	1829
1673	51	1763
1674	75	1842
1675	9	1845
1676	9	1846
1677	9	1847
1678	9	1848
1679	9	1849
1680	9	1850
1681	36	1851
1682	36	1852
1683	36	1853
1684	76	1854
1685	75	1855
1686	23	1866
1687	23	1867
1688	23	1868
1689	74	1856
1690	74	1857
1691	74	1858
1692	74	1859
1693	74	1860
1694	74	1861
1695	74	1862
1696	74	1863
1697	74	1864
1698	74	1865
1699	50	1883
1700	50	1882
1701	50	1880
1702	50	1879
1703	49	1878
1874	50	2032
1705	79	1877
1706	79	1876
1707	79	1875
1708	79	1874
1709	51	1873
1710	51	1872
1711	51	1871
1712	49	1870
1713	49	1869
1714	80	1902
1715	72	1903
1716	72	1904
1717	72	1905
1718	72	1906
1719	72	1907
1720	72	1908
1721	72	1909
1722	72	1910
1723	80	1885
1724	80	1886
1725	80	1887
1726	80	1888
1727	80	1889
1728	80	1890
1729	80	1891
1730	80	1892
1731	80	1893
1732	80	1894
1733	80	1895
1734	80	1901
1735	80	1902
1736	53	1900
1737	57	1899
1738	67	1884
1739	50	1881
1740	78	1781
1742	65	1912
1743	65	1913
1744	65	1914
1745	53	1915
1746	48	1924
1747	80	1923
1748	50	1922
1749	49	1919
1750	49	1918
1751	49	1917
1752	51	1916
1753	66	1925
1754	66	1926
1755	66	1927
1756	66	1928
1757	66	1929
1758	66	1930
1759	66	1931
1760	66	1932
1761	66	1933
1762	66	1934
1763	66	1935
1764	66	1936
1765	66	1937
1766	66	1938
1767	66	1939
1768	66	1940
1769	66	1941
1770	66	1942
1771	66	1943
1772	66	1944
1773	66	1945
1774	66	1946
1775	66	1947
1776	7	1948
1777	81	1949
1778	7	1950
1779	7	1952
1780	7	1953
1781	7	1954
1782	88	1955
1783	29	1956
1784	29	1957
1785	29	1958
1786	29	1959
1787	29	1960
1788	29	1961
1789	56	1962
1790	56	1963
1791	56	1964
1792	56	1965
1793	56	1966
1794	56	1967
1795	56	1968
1796	56	1969
1797	56	1970
1798	7	1971
1799	7	1972
1800	7	1973
1801	18	1978
1802	18	1977
1803	18	1976
1804	18	1975
1805	18	1974
1806	7	1979
1807	7	1980
1808	7	1981
1809	7	1982
1810	7	1983
1811	7	1984
1812	7	1985
1813	7	1986
1814	7	1987
1815	65	1988
1816	74	1989
1817	74	1990
1818	74	1991
1819	74	1992
1820	56	1993
1821	56	1994
1822	56	1995
1823	56	1996
1824	56	1997
1825	56	1998
1826	56	1999
1827	56	2000
1828	56	2001
1829	56	2002
1830	56	2003
1831	56	2004
1832	56	2005
1833	56	2006
1834	51	2016
1835	51	2015
1836	51	2014
1837	51	2013
1838	51	2011
1839	51	2010
1840	51	2009
1841	51	2008
1842	51	2007
1843	51	2012
1844	1	2017
1845	88	2018
1846	74	2019
1847	74	2020
1848	74	2021
1849	74	2022
1850	74	2023
1851	74	2024
1852	74	2025
1853	74	2026
1854	74	2027
1855	81	2038
1856	81	2039
1857	81	2040
1858	81	2041
1859	81	2042
1860	81	2043
1861	81	2044
1862	81	2045
1863	81	2046
1864	81	2047
1865	49	2028
1866	49	2029
1867	49	2030
1868	50	2031
1869	50	2033
1870	50	2034
1871	50	2035
1872	50	2036
1873	72	2037
1875	56	2048
1876	56	2049
1877	56	2050
1878	56	2051
1880	78	2054
1881	92	2055
1882	92	2056
1883	92	2057
1884	92	2058
1885	92	2059
1886	92	2060
1887	92	2061
1888	93	2062
1889	93	2063
1890	93	2064
1891	93	2065
1892	94	2066
1893	94	2067
1894	81	2068
1895	81	2069
1896	81	2070
1897	81	2071
1898	81	2072
1899	81	2073
1900	81	2074
1901	81	2075
1902	81	2076
1903	81	2077
1904	81	2078
1905	81	2079
1906	81	2080
1907	81	2081
1908	81	2082
1909	81	2083
1910	81	2084
1911	81	2085
1912	81	2086
1913	81	2087
1914	81	2088
1915	81	2089
1916	81	2090
1917	81	2091
1918	81	2092
1919	81	2093
1920	81	2094
1921	81	2095
1922	81	2096
1923	81	2097
1924	81	2098
1925	81	2099
1926	81	2100
1927	81	2101
1928	81	2102
1929	81	2103
1930	81	2104
1931	81	2105
1932	81	2106
1933	81	2107
1934	81	2108
1935	81	2109
1936	81	2110
1937	81	2111
1938	81	2112
1939	81	2113
1940	81	2114
1941	3	2115
1942	3	2116
1943	3	2117
1944	3	2118
1945	3	2119
1946	3	2120
1947	3	2121
1948	3	2122
1949	3	2123
1950	3	2124
1951	3	2125
1952	3	2126
1953	3	2127
1954	3	2128
1955	56	2129
1956	56	2130
1957	56	2131
1958	56	2132
1959	74	2133
1960	74	2134
1961	74	2135
1962	74	2136
1963	3	2137
1964	3	2138
1965	3	2139
1966	3	2140
1967	3	2141
1968	3	2142
1969	3	2143
1970	3	2144
1971	56	2145
1972	56	2146
1973	56	2147
1974	56	2148
1975	56	2149
1976	56	2150
1977	56	2151
1978	56	2152
1979	56	2153
1980	81	2154
1981	81	2155
1982	81	2156
1983	81	2157
1984	81	2158
1985	81	2159
1986	81	2160
1987	81	2161
1988	81	2162
1989	84	2163
1990	84	2164
1991	84	2165
1992	84	2166
1993	84	2167
1994	84	2168
1995	10	2169
1996	10	2170
1997	84	2171
1998	84	2172
1999	93	2173
2000	93	2174
2001	93	2175
2002	93	2176
2003	93	2177
2004	93	2178
2005	93	2179
2006	93	2180
2007	51	2181
2008	50	2182
2009	48	2183
2010	95	2184
2011	95	2185
2012	95	2186
2013	95	2187
2014	45	2188
2015	95	2189
2016	95	2190
2017	45	2191
2018	45	2192
2019	45	2193
2020	95	2194
2021	95	2195
2022	45	2196
2023	45	2197
2024	95	2198
2025	96	2199
2026	96	2200
2027	96	2201
2032	95	2206
2029	96	2203
2030	96	2204
2031	96	2205
2033	95	2207
2034	95	2208
2035	95	2209
2036	95	2210
2037	95	2211
2038	95	2212
2039	95	2213
2040	95	2214
2041	85	2215
2042	14	2216
2043	14	2217
2044	49	2221
2045	48	2222
2046	48	2223
2047	48	2224
2048	48	2225
2049	48	2226
2050	48	2227
2051	49	2228
2052	3	2229
2053	10	2231
2054	10	2230
2055	48	2232
2056	80	2233
2057	48	2234
2058	48	2235
2059	48	2236
2060	84	2237
2061	84	2238
2062	48	2239
2063	48	2240
2064	66	2246
2065	66	2245
2066	66	2244
2067	66	2243
2068	66	2242
2069	66	2241
2070	65	2247
2071	80	2248
2072	1	2249
2073	93	2250
2074	93	2251
2075	93	2252
2076	93	2253
2077	93	2254
2078	93	2255
2079	93	2256
2080	93	2258
2081	93	2257
2082	93	2259
2083	93	2260
2084	93	2261
2085	88	2263
2086	88	2262
2087	81	2265
2088	81	2264
2089	81	2266
2090	81	2272
2091	81	2271
2092	81	2270
2093	81	2269
2094	81	2268
2095	98	2267
2096	98	2273
2097	98	2274
2098	98	2275
2099	95	2276
2100	95	2277
2101	88	2278
2102	88	2279
2103	88	2280
2104	88	2281
2105	88	2282
2106	7	2283
2107	93	2284
2108	81	2285
2109	74	2298
2110	74	2297
2111	74	2296
2112	74	2295
2113	74	2294
2114	74	2293
2115	74	2292
2116	74	2291
2117	74	2290
2118	74	2289
2119	74	2288
2120	74	2287
2121	74	2286
2122	6	2299
2123	6	2300
2124	6	2301
2125	6	2302
2126	6	2303
2127	82	2304
2128	82	2305
2129	82	2306
2130	82	2307
2131	82	2308
2132	94	2309
2133	94	2310
2134	3	2311
2135	99	2423
2136	99	2312
2137	99	2315
2138	99	2316
2139	99	2317
2140	99	2424
2141	100	2425
2142	101	2426
2143	99	2427
2144	99	2428
2145	99	2429
2146	99	2430
2147	99	2431
2148	100	2432
2149	100	2433
2150	100	2434
2151	101	2435
2152	101	2436
2153	101	2437
2154	101	2438
2155	101	2439
2156	101	2440
2157	100	2441
2158	101	2442
2159	101	2443
2160	101	2444
2161	101	2445
2162	101	2446
2163	101	2447
2164	101	2448
2165	100	2449
2166	100	2450
2167	100	2451
2168	100	2452
2169	100	2453
2170	102	2454
2171	103	2455
2172	103	2456
2173	103	2457
2174	103	2458
2175	104	2459
2176	104	2460
2177	104	2461
2178	104	2462
2179	104	2463
2180	104	2464
2181	104	2465
2182	104	2466
2183	103	2467
2184	105	2468
2185	105	2469
2186	105	2470
2187	105	2471
2188	105	2472
2189	105	2473
2190	105	2474
2191	105	2475
2192	105	2476
2193	105	2477
2194	105	2478
2195	105	2479
2196	105	2480
2197	105	2481
2198	106	2482
2199	106	2483
2200	106	2484
2201	106	2485
2202	106	2486
2203	106	2487
2204	106	2488
2205	106	2489
2206	106	2490
2207	106	2491
2208	106	2492
2209	106	2493
2210	106	2494
2211	107	2495
2212	107	2496
2213	107	2497
2214	107	2498
2215	107	2499
2216	107	2500
2217	107	2501
2218	107	2502
2219	107	2503
2220	107	2504
2221	107	2505
2222	107	2506
2223	107	2507
2224	107	2508
2225	107	2509
2226	107	2510
2227	107	2511
2228	107	2512
2229	107	2513
2230	107	2514
2231	107	2515
2232	107	2516
2233	107	2517
2234	107	2518
2235	107	2519
2236	108	2520
2237	108	2521
2238	108	2522
2239	108	2523
2240	108	2524
2241	108	2525
2242	108	2526
2243	108	2527
2244	108	2528
2245	108	2529
2246	108	2530
2247	108	2531
2248	108	2532
2249	108	2533
2250	108	2534
2251	99	2535
2252	109	2542
2253	109	2541
2254	109	2540
2255	109	2539
2256	109	2538
2257	109	2537
2258	109	2536
2259	81	2543
2260	81	2544
2261	81	2548
2262	81	2547
2263	81	2546
2264	81	2545
2265	8	2553
2266	74	2549
2267	74	2551
2268	74	2552
2269	74	2550
2270	13	2554
2271	84	2555
2272	84	2557
2273	84	2556
2274	110	2558
2275	110	2567
2276	110	2560
2277	110	2559
2278	110	2562
2279	110	2563
2280	110	2561
2281	110	2564
2282	110	2565
2283	110	2566
2284	82	2568
2285	82	2574
2286	82	2570
2287	82	2569
2288	82	2573
2289	82	2572
2290	82	2571
2291	3	2576
2292	3	2575
2293	51	2577
2294	51	2578
2295	51	2579
2296	51	2580
2297	51	2581
2298	181	2585
2299	181	2584
2300	181	2583
2301	181	2582
2302	93	2587
2303	81	2588
2304	81	2590
2305	81	2589
2306	51	2591
2307	51	2592
2308	74	2593
2309	74	2594
2310	74	2595
2311	74	2596
2312	74	2597
2313	112	2608
2314	112	2609
2315	112	2610
2316	112	2611
2317	112	2612
2318	112	2613
2319	112	2614
2320	112	2615
2321	112	2617
2322	112	2616
2323	111	2598
2324	111	2599
2325	111	2600
2326	111	2601
2327	111	2602
2328	111	2603
2329	111	2604
2330	111	2605
2331	111	2606
2332	111	2607
2333	111	2618
2334	111	2619
2335	111	2620
2336	111	2621
2337	111	2622
2338	111	2623
2339	111	2624
2340	111	2625
2341	111	2626
2342	111	2627
2343	113	2628
2344	113	2629
2345	113	2630
2346	113	2631
2347	113	2632
2348	113	2633
2349	113	2634
2350	113	2635
2351	113	2636
2352	113	2637
2353	114	2648
2354	114	2649
2355	114	2650
2356	114	2651
2357	114	2652
2358	114	2653
2359	114	2654
2360	114	2655
2361	114	2656
2362	114	2657
2363	114	2638
2364	114	2639
2365	114	2646
2366	114	2640
2367	114	2641
2368	114	2642
2369	114	2643
2370	114	2644
2371	114	2645
2372	114	2647
2373	115	2658
2374	115	2659
2375	115	2660
2376	115	2661
2377	115	2662
2378	115	2663
2379	115	2664
2380	115	2665
2381	115	2666
2382	115	2667
2383	116	2668
2384	116	2669
2385	115	2671
2386	114	2670
2387	13	2672
2388	84	2673
2389	84	2674
2390	84	2675
2391	84	2676
2392	66	2699
2393	66	2698
2394	66	2697
2395	66	2696
2396	66	2695
2397	66	2694
2398	66	2693
2399	66	2692
2400	66	2691
2401	66	2690
2402	66	2689
2403	66	2688
2404	66	2687
2405	66	2685
2406	66	2684
2407	66	2683
2408	66	2682
2409	66	2681
2410	66	2680
2411	66	2679
2412	66	2678
2413	66	2677
2414	66	2686
2415	93	2701
2416	93	2700
2417	81	2705
2418	93	2704
2419	93	2703
2420	93	2702
2421	66	2706
2422	94	2707
2423	94	2708
2424	49	2709
2425	66	2710
2426	80	2713
2427	80	2712
2428	80	2711
2429	80	2714
2430	80	2715
2431	80	2716
2432	80	2717
2433	80	2718
2434	80	2719
2435	80	2720
2436	80	2721
2437	80	2722
2438	80	2723
2439	80	2724
2440	80	2725
2444	117	2733
2442	80	2727
2443	80	2728
2445	117	2729
2446	117	2730
2447	117	2731
2448	117	2732
2449	82	2734
2450	49	2735
2451	49	2736
2452	117	2737
2453	117	2738
2454	117	2739
2455	117	2740
2456	117	2741
2457	2	2742
2458	2	2743
2459	2	2744
2460	2	2745
2461	2	2746
2462	49	2747
2463	94	2772
2464	94	2773
2465	94	2774
2466	94	2775
2467	66	2776
2468	66	2777
2469	66	2778
2470	66	2779
2471	66	2780
2472	66	2781
2473	66	2782
2474	74	2783
2475	74	2784
2476	66	2792
2477	66	2791
2478	66	2790
2479	66	2789
2480	66	2788
2481	66	2787
2482	66	2786
2483	66	2793
2484	118	2794
2485	118	2795
2486	118	2796
2487	118	2797
2488	118	2798
2489	118	2799
2490	118	2800
2491	118	2801
2492	118	2802
2493	118	2803
2494	118	2804
2495	118	2805
2496	118	2806
2497	118	2807
2498	118	2808
2499	118	2809
2500	118	2810
2501	118	2811
2502	118	2812
2503	118	2813
2504	118	2814
2505	118	2815
2506	118	2816
2507	118	2817
2508	118	2818
2509	118	2819
2510	118	2820
2511	118	2821
2512	118	2822
2513	118	2823
2514	118	2824
2515	118	2825
2516	118	2826
2517	118	2827
2518	98	2832
2519	98	2828
2520	98	2829
2521	98	2830
2522	98	2831
2523	98	2833
2524	3	2834
2525	66	2836
2526	66	2837
2527	66	2838
2528	66	2839
2529	66	2840
2530	118	2841
2531	119	2835
2532	119	2842
2533	119	2843
2534	119	2844
2535	119	2845
2536	119	2846
2537	119	2847
2538	119	2848
2539	119	2849
2540	119	2850
2541	119	2851
2542	119	2852
2543	119	2853
2544	119	2854
2545	119	2855
2546	119	2856
2547	119	2857
2548	119	2858
2549	119	2859
2550	119	2860
2551	119	2861
2552	119	2862
2553	119	2863
2554	119	2864
2555	119	2865
2556	119	2866
2557	119	2867
2558	66	2868
2559	66	2869
2560	66	2870
2561	66	2871
2562	66	2872
2563	56	2873
2564	56	2874
2565	119	2875
2566	119	2876
2567	119	2877
2568	119	2878
2569	119	2879
2570	118	2880
2571	88	2881
2572	88	2891
2573	88	2890
2574	88	2889
2575	88	2888
2576	88	2887
2577	88	2886
2578	88	2885
2579	88	2884
2580	88	2883
2581	88	2882
2582	117	2894
2583	117	2893
2584	117	2892
2585	118	2895
2586	118	2896
2587	118	2897
2588	118	2898
2589	118	2899
2590	118	2900
2591	118	2901
2592	118	2902
2593	118	2903
2594	118	2904
2595	81	2905
2596	80	2906
2597	80	2907
2598	80	2908
2599	80	2909
2600	80	2910
2601	80	2911
2602	80	2912
2603	3	2913
2604	66	2914
2605	66	2915
2606	66	2916
2607	66	2917
2608	66	2918
2609	66	2919
2610	66	2920
2611	66	2921
2612	66	2922
2613	66	2923
2614	66	2924
2615	3	2925
2616	49	2926
2617	49	2927
2618	59	2928
2619	66	2930
2620	66	2931
2621	66	2932
2622	66	2933
2623	66	2934
2624	66	2935
2625	66	2936
2626	66	2937
2627	59	2938
2628	65	2939
2629	65	2940
2630	65	2941
2631	65	2942
2632	66	2949
2633	66	2948
2634	66	2947
2635	66	2946
2636	66	2945
2637	66	2944
2638	66	2943
2639	51	2950
2640	51	2951
2641	93	2956
2642	93	2955
2643	93	2954
2644	93	2953
2645	93	2952
2646	93	2961
2647	93	2960
2648	93	2959
2649	93	2958
2650	93	2957
2651	81	2968
2652	81	2967
2653	81	2966
2654	81	2965
2655	81	2964
2656	81	2963
2657	81	2962
2658	80	2970
2659	80	2969
2660	80	2971
2661	120	2972
2662	120	2973
2663	120	2974
2664	120	2975
2665	120	2976
2666	120	2977
2667	120	2978
2668	121	2979
2669	121	2980
2670	121	2981
2671	121	2982
2672	121	2983
2673	121	2984
2674	121	2985
2675	121	2986
2676	121	2987
2677	121	2988
2678	121	2989
2679	121	2990
2680	121	2991
2681	121	2992
2682	121	2993
2683	121	2994
2684	121	2995
2685	121	2996
2686	121	2997
2687	121	2998
2688	121	2999
2689	51	3000
2690	118	3001
2691	118	3002
2692	118	3003
2693	117	3004
2694	66	3005
2695	66	3006
2696	66	3007
2697	66	3008
2698	66	3009
2699	56	3010
2700	118	3011
2701	81	3012
2702	122	2929
2703	122	3013
2704	122	3014
2705	122	3015
2706	122	3016
2707	122	3017
2708	122	3018
2709	122	3019
2710	122	3020
2711	122	3021
2712	122	3022
2713	122	3023
2714	122	3024
2715	122	3025
2716	122	3026
2717	122	3027
2718	122	3028
2719	122	3029
2720	122	3030
2721	122	3031
2722	122	3032
2723	122	3033
2724	122	3034
2725	81	3035
2726	81	3036
2727	81	3037
2728	81	3038
2729	81	3039
2730	66	3040
2731	66	3041
2732	66	3042
2733	66	3043
2734	66	3044
2735	51	3045
2736	74	3046
2737	87	3047
2738	122	3048
2739	123	3049
2740	123	3050
2741	123	3051
2742	123	3052
2743	123	3053
2744	123	3054
2745	123	3055
2746	123	3056
2747	123	3057
2748	123	3058
2749	123	3059
2750	123	3060
2751	123	3061
2752	123	3062
2753	123	3063
2754	123	3064
2758	128	3068
2756	123	3066
2757	123	3067
2759	128	3069
2760	128	3070
2761	128	3071
2762	128	3072
2763	128	3073
2764	128	3074
2765	128	3075
2766	128	3076
2767	66	3077
2768	66	3078
2769	66	3079
2770	74	3080
2771	162	3082
2772	162	3081
2773	66	3083
2774	66	3084
2775	66	3085
2776	66	3086
2777	66	3087
2778	66	3088
2779	66	3089
2780	117	3090
2781	117	3091
2782	117	3092
2783	123	3093
2784	123	3094
2785	123	3095
2786	123	3096
2787	51	1634
2788	51	1634
2789	123	3097
2790	123	3098
2791	88	3099
2792	88	3100
2793	88	3101
2794	88	3102
2795	88	3103
2796	88	3104
2797	88	3105
2798	88	3106
2799	88	3107
2800	88	3108
2801	88	3109
2802	66	3110
2803	66	3111
2804	66	3112
2805	66	3113
2806	163	3114
2807	163	3115
2808	163	3116
2809	163	3117
2810	163	3118
2811	163	3119
2812	163	3120
2813	163	3121
2814	163	3122
2815	163	3123
2816	7	3124
2817	57	3125
2818	57	3126
2819	57	3127
2820	18	3128
2821	18	3129
2822	18	3130
2823	18	3131
2824	18	3132
2825	18	3133
2826	65	3134
2827	92	3138
2828	92	3136
2829	92	3140
2830	66	3141
2831	66	3142
2832	66	3143
2833	66	3144
2834	66	3145
2835	66	3146
2836	66	3147
2837	66	3148
2838	66	3149
2839	1	3150
2840	1	3151
2841	1	3152
2842	65	3153
2843	65	3154
2844	18	3155
2845	123	3156
2846	123	3157
2847	123	3158
2848	7	3159
2849	57	3160
2850	162	3162
2851	162	3161
2852	49	3163
2853	49	3164
2854	118	3165
2855	123	3166
2856	123	3167
2857	123	3168
2858	123	3169
2859	123	3170
2860	123	3171
2861	123	3172
2862	123	3173
2863	66	3174
2864	66	3175
2865	66	3176
2866	66	3177
2867	7	3178
2868	66	3179
2869	66	3180
2870	66	3181
2871	66	3182
2872	66	3183
2873	66	3184
2874	66	3185
2875	66	3186
2876	124	3187
2877	125	3188
2878	125	3189
2879	125	3190
2880	125	3191
2881	125	3192
2882	125	3193
2883	125	3194
2884	125	3195
2885	125	3196
2886	125	3197
2887	125	3198
2888	125	3199
2889	125	3200
2890	125	3201
2891	125	3202
2892	125	3203
2893	125	3204
2894	125	3205
2895	125	3206
2896	125	3207
2897	125	3208
2898	125	3209
2899	125	3210
2900	125	3211
2901	125	3212
2902	125	3213
2903	125	3214
2904	125	3215
2905	125	3216
2906	125	3217
2907	125	3218
2908	125	3219
2909	125	3220
2910	125	3221
2911	164	3222
2912	164	3223
2913	164	3224
2914	164	3225
2915	164	3226
2916	164	3227
2917	164	3228
2918	164	3229
2919	164	3230
2920	164	3231
2921	164	3232
2922	164	3233
2923	164	3234
2924	164	3235
2925	164	3236
2926	164	3237
2927	164	3238
2928	164	3239
2929	164	3240
2930	164	3241
2931	164	3242
2932	164	3243
2933	164	3244
2934	164	3245
2935	164	3246
2936	164	3247
2937	164	3248
2938	164	3249
2939	164	3250
2940	164	3251
2941	164	3252
2942	164	3253
2943	164	3254
2944	164	3255
2945	164	3256
2946	164	3257
2947	164	3258
2948	164	3259
2949	164	3260
2950	164	3261
2951	164	3262
2952	164	3263
2953	164	3264
2954	164	3265
2955	164	3266
2956	164	3267
2957	164	3268
2958	164	3269
2959	164	3270
2960	164	3271
2961	164	3272
2962	164	3273
2963	164	3274
2964	164	3275
2965	164	3276
2966	164	3277
2967	164	3278
2968	164	3279
2969	164	3280
2970	164	3281
2971	164	3282
2972	164	3283
2973	164	3284
2974	164	3285
2975	164	3286
2976	164	3287
2977	164	3288
2978	164	3289
2979	164	3290
2980	164	3291
2981	164	3292
2982	164	3293
2983	164	3294
2984	164	3295
2985	164	3296
2986	164	3297
2987	164	3298
2988	164	3299
2989	164	3300
2990	164	3301
2991	164	3302
2992	164	3303
2993	164	3304
2994	164	3305
2995	164	3306
2996	164	3307
2997	164	3308
2998	164	3309
2999	164	3310
3000	164	3311
3001	164	3312
3002	164	3313
3003	164	3314
3004	164	3315
3005	164	3316
3006	164	3317
3007	164	3318
3008	164	3319
3009	164	3320
3010	164	3321
3011	164	3322
3012	164	3323
3013	164	3324
3014	164	3325
3015	164	3326
3016	164	3327
3017	164	3328
3018	164	3329
3019	164	3330
3020	164	3331
3021	164	3332
3022	164	3333
3023	164	3334
3024	164	3335
3025	164	3336
3026	164	3337
3027	164	3338
3028	164	3339
3029	164	3340
3030	164	3341
3031	164	3342
3032	164	3343
3033	164	3344
3034	164	3345
3035	164	3346
3036	164	3347
3037	164	3348
3038	164	3349
3039	164	3350
3040	164	3351
3041	164	3352
3042	164	3353
3043	164	3354
3044	125	3355
3045	127	3356
3046	127	3357
3047	127	3358
3048	165	3065
3049	165	3359
3050	165	3360
3051	125	3361
3052	126	3362
3053	126	3363
3054	125	3364
3055	125	3365
3056	125	3366
3057	125	3367
3058	125	3368
3059	166	3369
3060	166	3370
3061	166	3371
3062	166	3372
3063	166	3373
3064	166	3374
3065	166	3375
3066	166	3376
3067	166	3377
3068	166	3378
3069	166	3379
3070	166	3380
3071	166	3381
3072	166	3382
3073	166	3383
3074	166	3384
3075	166	3385
3076	166	3386
3077	166	3387
3078	166	3388
3079	166	3389
3080	166	3390
3081	166	3391
3082	166	3392
3083	166	3393
3084	166	3394
3085	167	3395
3086	166	3396
3087	166	3397
3088	166	3398
3089	166	3399
3090	166	3400
3091	166	3401
3092	166	3402
3093	166	3403
3094	166	3404
3095	166	3405
3096	166	3406
3097	166	3407
3098	166	3408
3099	168	3409
3100	168	3410
3101	168	3411
3102	168	3414
3103	168	3412
3104	168	3413
3105	80	3416
3106	80	3415
3107	166	3417
3108	166	3418
3109	166	3419
3110	166	3420
3111	166	3421
3112	166	3422
3113	125	3423
3114	125	3424
3115	125	3425
3116	125	3426
3117	125	3427
3118	166	3428
3119	166	3429
3120	66	3430
3121	166	3431
3122	166	3432
3123	65	3433
3124	169	3434
3125	169	3435
3177	170	3485
3127	169	3436
3128	169	3437
3129	169	3438
3130	169	3478
3131	169	3482
3132	169	3479
3133	169	3480
3134	169	3477
3135	169	3475
3136	169	3474
3137	169	3483
3138	169	3473
3139	169	3471
3140	169	3472
3141	169	3476
3142	169	3470
3143	169	3468
3144	169	3467
3145	169	3481
3146	169	3469
3147	169	3484
3148	169	3466
3149	169	3465
3150	169	3464
3151	169	3463
3152	169	3462
3153	169	3461
3154	169	3460
3155	169	3459
3156	169	3458
3157	169	3457
3158	169	3456
3159	169	3455
3160	169	3454
3161	169	3453
3162	169	3452
3163	169	3451
3164	169	3450
3165	169	3449
3166	169	3448
3167	169	3447
3168	169	3446
3169	169	3445
3170	169	3444
3171	169	3443
3172	169	3442
3173	169	3441
3174	169	3440
3175	169	3439
3178	170	3486
3179	170	3487
3180	170	3488
3181	170	3489
3182	170	3490
3183	3	3491
3184	170	3492
3185	170	3493
3186	170	3494
3187	170	3495
3188	169	3496
3189	1	3497
3190	123	3498
3191	15	3499
3192	15	3500
3193	15	3501
3194	15	3502
3195	15	3503
3196	15	3504
3197	15	3505
3198	15	3506
3199	15	3507
3200	15	3508
3201	125	3509
3202	125	3510
3203	125	3511
3204	29	3512
3205	125	3513
3206	125	3514
3207	125	3515
3208	125	3516
3209	29	3517
3210	87	3518
3211	125	3519
3212	125	3520
3213	66	3521
3214	66	3522
3215	66	3523
3216	66	3524
3217	66	3525
3218	66	3526
3219	117	3527
3220	1	3528
3221	51	3529
3222	80	3530
3223	80	3531
3224	80	3532
3225	80	3533
3226	74	3534
3227	74	3535
3228	176	3558
3229	176	3557
3230	176	3556
3231	176	3555
3232	176	3554
3233	176	3553
3234	176	3552
3235	177	3542
3236	177	3541
3237	177	3540
3238	177	3539
3239	175	3536
3240	175	3537
3241	175	3538
3242	175	3543
3243	175	3544
3244	175	3545
3245	180	3546
3246	175	3547
3247	180	3548
3248	175	3549
3249	175	3550
3250	175	3551
3251	175	3559
3252	175	3560
3253	80	3561
3254	80	3562
3255	80	3563
3256	80	3564
3257	121	3565
3258	175	3566
3259	175	3567
3260	87	3568
3261	87	3569
3262	74	3570
3263	74	3571
3264	18	3572
3265	18	3573
3266	18	3574
3267	176	3575
3268	176	3576
3269	176	3577
3270	176	3578
3271	179	3579
3272	18	3580
3273	175	3581
3274	175	3582
3275	175	3583
3276	175	3584
3277	179	3585
3278	175	3586
3279	175	3587
3280	175	3588
3281	175	3589
3282	175	3590
3283	175	3591
3284	175	3592
3285	175	3593
3286	176	3594
3287	176	3595
3288	176	3596
3289	176	3597
3291	176	3599
3292	176	3600
3293	176	3601
3294	176	3602
3295	81	3603
3296	178	3598
3297	175	3604
3298	80	3605
3299	80	3606
3300	80	3607
3301	80	3608
3302	80	35413540
3303	80	35413541
3304	80	35413542
3305	80	35413543
3307	181	35413544
3308	18	35413545
3309	80	35413546
3310	80	35413547
3311	80	35413548
3312	18	35413549
3313	18	35413550
3314	175	35413551
3315	181	35413552
3316	80	35413553
3317	80	35413554
3318	80	35413555
3319	80	35413556
3320	176	35413557
3321	14	35413558
3322	169	35413567
3323	169	35413559
3324	169	35413566
3325	169	35413565
3326	169	35413564
3327	169	35413563
3328	169	35413562
3329	169	35413561
3330	169	35413560
3331	80	35413568
3332	93	35413569
3333	66	35413570
3334	175	35413571
3335	175	35413572
3336	51	35413573
3337	175	35413574
3338	88	35413575
3339	88	35413576
3340	88	35413577
3341	88	35413578
3342	80	35413579
3343	80	35413580
3344	3	35413581
3345	3	35413582
3346	49	35413583
3347	3	35413584
3348	81	35413585
3349	14	35413586
3350	81	35413587
3351	7	35413588
3352	7	35413589
3353	7	35413590
3354	7	35413591
3355	7	35413592
3356	7	35413593
3357	7	35413594
3358	7	35413595
3359	7	35413596
3360	7	35413597
3361	7	35413598
3362	7	35413599
3363	7	35413600
3364	74	35413601
3365	7	35413602
3366	7	35413603
3367	7	35413604
3368	7	35413605
3369	7	35413606
3370	7	35413607
3371	7	35413608
3372	7	35413609
3373	80	35413610
3374	124	35413611
3375	124	35413612
3376	124	35413613
3377	124	35413614
3378	124	35413615
3379	124	35413616
3380	124	35413617
3381	81	35413618
3382	80	35413619
3383	80	35413620
3384	88	35413621
3385	88	35413622
3386	184	35413623
3387	184	35413624
3388	184	35413625
3389	80	35413626
3390	80	35413627
3391	175	35413628
3392	81	35413629
3393	81	35413630
3394	185	2785
3395	186	2771
3396	186	35413631
3397	186	35413632
3398	186	35413633
3399	186	35413634
3400	186	35413635
3401	186	35413636
3402	186	35413637
3403	186	35413638
3420	188	35413654
3405	187	35413639
3406	187	35413640
3407	187	35413641
3408	187	35413642
3409	187	35413643
3410	187	35413644
3411	187	35413645
3412	187	35413646
3413	187	35413647
3414	187	35413648
3415	187	35413649
3416	187	35413650
3417	187	35413651
3418	187	35413652
3419	187	35413653
3421	188	35413655
3422	188	35413656
3423	188	35413657
3424	188	35413658
3425	188	35413659
3426	188	35413660
3427	188	35413661
3428	188	35413662
3429	188	35413663
3430	188	35413664
3431	188	35413665
3432	188	35413666
3433	188	35413667
3434	188	35413668
3435	188	35413669
3436	188	35413670
3437	188	35413671
3438	188	35413672
3439	188	35413673
3440	188	35413674
3441	188	35413675
3442	188	35413676
3443	188	35413677
3444	188	35413678
3445	188	35413679
3446	188	35413680
3447	188	35413681
3448	188	35413682
3449	188	35413683
3450	188	35413684
3451	188	35413685
3452	188	35413686
3453	188	35413687
3454	188	35413688
3455	188	35413689
3456	188	35413690
3457	188	35413691
3458	188	35413692
3459	188	35413693
3460	188	35413694
3461	188	35413695
3462	188	35413696
3463	188	35413697
3464	188	35413698
3465	188	35413699
3466	188	35413700
3467	188	35413701
3468	188	35413702
3469	189	35413703
3470	189	35413704
3471	189	35413705
3472	189	35413706
3473	189	35413707
3474	189	35413708
3475	189	35413709
3476	189	35413710
3477	189	35413711
3478	189	35413712
3479	189	35413713
3480	190	35413714
3481	190	35413715
3482	190	35413716
3483	190	35413717
3484	190	35413718
3485	190	35413719
3486	190	35413720
3487	190	35413721
3488	190	35413722
3489	191	35413723
3490	191	35413724
3491	191	35413725
3492	191	35413726
3493	192	35413727
3494	192	35413728
3495	192	35413729
3496	192	35413730
3497	192	35413731
3498	192	35413732
3499	192	35413733
3500	192	35413734
3501	192	35413735
3502	192	35413736
3503	192	35413737
3504	193	35413738
3505	193	35413739
3506	193	35413740
3507	193	35413741
3508	193	35413742
3509	193	35413743
3510	193	35413744
3511	193	35413745
3512	193	35413746
3513	193	35413747
3514	193	35413748
3515	193	35413749
3516	193	35413750
3517	193	35413751
3518	193	35413752
3519	193	35413753
3520	193	35413754
3521	193	35413755
3522	193	35413756
3523	193	35413757
3524	193	35413758
3525	193	35413759
3526	193	35413760
3527	193	35413761
3528	193	35413762
3529	193	35413763
3530	193	35413764
3531	193	35413765
3532	193	35413766
3533	193	35413767
3534	194	35413768
3535	194	35413769
3536	194	35413770
3537	194	35413771
3538	194	35413772
3539	194	35413773
3540	194	35413774
3541	195	35413775
3542	195	35413776
3543	195	35413777
3544	195	35413778
3545	195	35413779
3546	195	35413780
3547	195	35413781
3548	195	35413782
3549	196	35413783
3550	196	35413784
3551	196	35413785
3552	196	35413786
3553	196	35413787
3554	196	35413788
3555	196	35413789
3556	196	35413790
3557	196	35413791
3558	196	35413792
3559	196	35413793
3560	196	35413794
3561	196	35413795
3562	197	35413796
3563	197	35413797
3564	197	35413798
3565	197	35413799
3566	198	35413800
3567	198	35413801
3568	198	35413802
3569	198	35413803
3570	198	35413804
3571	198	35413805
3572	198	35413806
3573	198	35413807
3574	198	35413808
3575	198	35413809
3576	198	35413810
3577	198	35413811
3578	198	35413812
3579	198	35413813
3580	199	35413814
3581	199	35413815
3582	199	35413816
3583	199	35413817
3584	199	35413818
3585	199	35413819
3586	199	35413820
3587	199	35413821
3588	199	35413822
3589	199	35413823
3590	200	35413824
3591	200	35413825
3592	200	35413826
3593	200	35413827
3594	201	35413828
3595	201	35413829
3596	201	35413830
3597	201	35413831
3598	201	35413832
3599	201	35413833
3600	201	35413834
3601	201	35413835
3602	201	35413836
3603	201	35413837
3604	201	35413838
3605	201	35413839
3606	201	35413840
3607	201	35413841
3608	201	35413842
3609	201	35413843
3610	201	35413844
3611	201	35413845
3612	201	35413846
3613	201	35413847
3614	201	35413848
3615	202	35413849
3616	202	35413850
3617	202	35413851
3618	202	35413852
3619	202	35413853
3620	202	35413854
3621	202	35413855
3622	202	35413856
3623	202	35413857
3624	202	35413858
3625	202	35413859
3626	202	35413860
3627	202	35413861
3628	202	35413862
3629	202	35413863
3630	202	35413864
3631	202	35413865
3632	202	35413866
3633	202	35413867
3634	202	35413868
3635	202	35413869
3636	202	35413870
3637	202	35413871
3638	202	35413872
3639	202	35413873
3640	202	35413874
3641	202	35413875
3642	202	35413876
3643	202	35413877
3644	202	35413878
3645	202	35413879
3646	202	35413880
3647	202	35413881
3648	202	35413882
3649	202	35413883
3650	202	35413884
3651	202	35413885
3652	202	35413886
3653	202	35413887
3654	202	35413888
3655	202	35413889
3656	202	35413890
3657	202	35413891
3658	202	35413892
3659	202	35413893
3660	202	35413894
3661	202	35413895
3662	202	35413896
3663	202	35413897
3664	202	35413898
3665	202	35413899
3666	202	35413900
3667	202	35413901
3668	202	35413902
3669	202	35413903
3670	202	35413904
3671	202	35413905
3672	202	35413906
3673	202	35413907
3674	202	35413908
3675	202	35413909
3676	202	35413910
3677	202	35413911
3678	202	35413912
3679	202	35413913
3680	202	35413914
3681	202	35413915
3682	202	35413916
3683	202	35413917
3684	202	35413918
3685	202	35413919
3686	202	35413920
3687	202	35413921
3688	202	35413922
3689	202	35413923
3690	202	35413924
3691	202	35413925
3692	202	35413926
3693	202	35413927
3694	202	35413928
3695	202	35413929
3696	202	35413930
3697	202	35413931
3698	202	35413932
3699	202	35413933
3700	202	35413934
3701	202	35413935
3702	202	35413936
3703	202	35413937
3704	202	35413938
3705	202	35413939
3706	202	35413940
3707	202	35413941
3708	202	35413942
3709	202	35413943
3710	202	35413944
3711	202	35413945
3712	202	35413946
3713	202	35413947
3714	202	35413948
3715	202	35413949
3716	202	35413950
3717	202	35413951
3718	202	35413952
3719	202	35413953
3720	202	35413954
3721	202	35413955
3722	202	35413956
3723	202	35413957
3724	202	35413958
3725	202	35413959
3726	202	35413960
3727	202	35413961
3728	202	35413962
3729	202	35413963
3730	202	35413964
3731	202	35413965
3732	202	35413966
3733	202	35413967
3734	202	35413968
3735	202	35413969
3736	202	35413970
3737	202	35413971
3738	202	35413972
3739	202	35413973
3740	202	35413974
3741	202	35413975
3742	202	35413976
3743	202	35413977
3744	202	35413978
3745	202	35413979
3746	202	35413980
3747	202	35413981
3748	202	35413982
3749	202	35413983
3750	202	35413984
3751	202	35413985
3752	202	35413986
3753	202	35413987
3754	202	35413988
3755	202	35413989
3756	202	35413990
3757	202	35413991
3758	202	35413992
3759	202	35413993
3760	202	35413994
3761	202	35413995
3762	202	35413996
3763	203	35413997
3764	203	35413998
3765	203	35413999
3766	203	35414000
3767	203	35414001
3768	203	35414002
3769	203	35414003
3770	203	35414004
3771	203	35414005
3772	203	35414006
3773	203	35414007
3774	203	35414008
3775	203	35414009
3776	203	35414010
3777	203	35414011
3778	204	35414012
3779	204	35414013
3780	205	35414014
3781	205	35414015
3782	1	35414016
3783	1	35414017
3784	1	35414018
3789	175	35414023
3786	1	35414020
3787	1	35414021
3788	1	35414022
3790	80	35414024
3791	80	35414025
3792	80	35414026
3803	184	35414037
3794	80	35414028
3795	66	35414029
3796	66	35414030
3797	66	35414031
3798	66	35414032
3799	66	35414033
3800	66	35414034
3801	66	35414035
3804	184	35414038
3805	184	35414039
3806	184	35414040
3807	184	35414041
3808	184	35414042
3809	184	35414043
3810	184	35414044
3811	184	35414045
3812	184	35414046
3813	184	35414047
3814	184	35414048
3815	184	35414049
3816	184	35414050
3817	184	35414051
3818	184	35414052
3819	184	35414053
3820	184	35414054
3821	184	35414055
3822	184	35414056
3823	184	35414057
3824	184	35414058
3825	184	35414059
3826	184	35414060
3827	184	35414061
3828	184	35414062
3829	184	35414063
3830	184	35414064
3831	184	35414065
3832	184	35414066
3833	184	35414067
3834	184	35414068
3835	184	35414069
3836	66	35414070
3837	66	35414071
3838	66	35414072
3839	66	35414073
3840	175	35414074
3841	184	35414075
3842	184	35414076
3843	81	35414077
3844	207	35414078
3845	207	35414079
3846	207	35414080
3847	207	35414081
3848	207	35414082
3849	207	35414083
3850	207	35414084
3851	207	35414085
3852	207	35414086
3853	207	35414087
3854	207	35414088
3855	207	35414089
3856	207	35414090
3857	207	35414091
3858	207	35414092
3859	207	35414093
3860	207	35414094
3861	207	35414095
3862	124	35414096
3863	124	35414097
3864	207	35414098
3865	207	35414099
3866	93	35414100
3867	175	35414101
3868	175	35414102
3869	208	35414103
3870	208	35414104
3871	208	35414105
3872	208	35414106
3873	208	35414107
3874	208	35414108
3875	208	35414109
3876	208	35414110
3877	81	35414111
3878	81	35414112
3879	81	35414113
3880	81	35414114
3881	81	35414115
3882	66	35414116
3883	176	35414117
3884	176	35414118
3885	175	35414119
3886	175	35414120
3887	175	35414121
3888	175	35414122
3889	175	35414123
3890	175	35414124
3891	175	35414125
3892	175	35414126
3893	3	35414127
3894	66	35414128
3895	66	35414129
3896	66	35414130
3897	66	35414131
3898	66	35414132
3899	66	35414133
3900	66	35414134
3901	66	35414135
3902	66	35414136
3903	66	35414137
3904	66	35414138
3905	66	35414139
3906	66	35414140
3907	66	35414141
3908	66	35414142
3909	66	35414143
3910	66	35414144
3911	66	35414145
3912	66	35414146
3913	66	35414148
3914	66	35414149
3915	66	35414150
3916	66	35414151
3917	66	35414152
3918	66	35414153
3919	66	35414154
3920	66	35414155
